Epoch: 8
Overall Accuracy: 0.857

Epoch: 7
Overall Accuracy: 0.857

Epoch: 6
Overall Accuracy: 0.857

Epoch: 5
Overall Accuracy: 0.858

Epoch: 4
Overall Accuracy: 0.859

Epoch: 3
Overall Accuracy: 0.851

Epoch: 2
Overall Accuracy: 0.804

Epoch: 1
Overall Accuracy: 0.835

Best
[9, 0, 2, 5, 1, 9, 7, 8, 1, 0, 4, 1, 7, 9, 0, 4, 2, 6, 8, 1, 3, 7, 9, 4, 4, 1, 8, 1, 5, 8, 1, 2, 5, 3, 0, 6, 2, 1, 1, 9, 1, 5, 3, 4, 8, 9, 5, 0, 9, 2, 6, 4, 8, 2, 1, 7, 2, 4, 9, 4, 4, 0, 7, 9, 2, 2, 3, 3, 8, 3, 5, 7, 3, 8, 8, 1, 2, 4, 4, 6, 4, 9, 5, 1, 0, 6, 9, 5, 9, 5, 9, 7, 2, 8, 0, 3, 7, 1, 3, 6, 7, 3, 5, 9, 7, 9, 6, 3, 6, 3, 7, 4, 6, 5, 8, 5, 4, 7, 8, 2, 8, 0, 7, 6, 8, 3, 7, 3, 3, 1, 9, 5, 2, 7, 3, 5, 1, 1, 2, 1, 4, 7, 8, 7, 5, 4, 5, 3, 0, 8, 3, 6, 9, 5, 0, 2, 7, 4, 4, 2, 4, 6, 6, 4, 7, 9, 3, 4, 5, 7, 8, 7, 3, 7, 2, 7, 0, 2, 4, 1, 1, 1, 8, 9, 2, 8, 7, 2, 0, 1, 5, 7, 4, 1, 7, 0, 6, 0, 4, 6, 5, 1, 5, 0, 8, 3, 2, 2, 9, 6, 2, 1, 6, 1, 1, 3, 7, 7, 0, 8, 0, 5, 4, 0, 2, 8, 1, 2, 3, 8, 4, 0, 4, 5, 5, 5, 1, 2, 1, 3, 1, 7, 9, 8, 7, 2, 0, 3, 5, 8, 6, 2, 5, 6, 1, 7, 7, 1, 5, 8, 1, 0, 2, 4, 4, 3, 6, 8, 8, 2, 9, 0, 5, 0, 4, 4, 7, 9, 3, 4, 1, 5, 9, 2, 3, 5, 8, 8, 0, 3, 3, 5, 6, 6, 0, 1, 2, 0, 3, 7, 4, 4, 1, 2, 9, 1, 4, 6, 7, 9, 7, 9, 8, 4, 4, 3, 1, 3, 1, 3, 3, 7, 9, 4, 8, 8, 2, 9, 9, 1, 4, 5, 6, 0, 5, 2, 2, 6, 1, 5, 5, 2, 4, 9, 6, 8, 7, 9, 2, 2, 1, 1, 2, 8, 3, 7, 7, 9, 1, 7, 1, 7, 6, 7, 8, 2, 7, 3, 1, 7, 5, 8, 2, 6, 2, 8, 5, 6, 5, 0, 9, 2, 4, 6, 3, 9, 7, 6, 6, 8, 0, 9, 1, 7, 8, 2, 9, 1, 8, 0, 6, 7, 3, 1, 0, 5, 5, 2, 0, 2, 6, 9, 2, 4, 9, 8, 0, 9, 9, 4, 6, 5, 4, 9, 1, 8, 3, 4, 9, 4, 1, 2, 2, 3, 1, 9, 6, 4, 0, 3, 6, 8, 3, 8, 7, 0, 2, 5, 1, 9, 6, 2, 9, 4, 0, 9, 6, 0, 6, 2, 5, 4, 2, 3, 8, 2, 3, 5, 0, 3, 8, 5, 3, 5, 8, 6, 0, 7, 6, 3, 3, 9, 6, 1, 1, 2, 9, 0, 4, 3, 3, 6, 9, 5, 9, 3, 7, 7, 7, 8, 1, 9, 8, 3, 0, 7, 2, 7, 9, 4, 5, 4, 9, 3, 2, 1, 4, 0, 2, 3, 7, 5, 9, 8, 8, 0, 0, 6, 1, 4, 7, 3, 9, 0, 0, 0, 6, 6, 2, 3, 7, 8, 4, 7, 7, 7, 2, 4, 1, 6, 5, 2, 4, 8, 9, 1, 8, 4, 8, 7, 8, 4, 5, 7, 7, 0, 7, 8, 8, 7, 0, 4, 8, 8, 2, 4, 7, 6, 6, 6, 4, 2, 1, 8, 8, 2, 3, 5, 3, 0, 0, 3, 7, 6, 7, 7, 9, 9, 5, 4, 3, 3, 6, 1, 2, 3, 7, 3, 3, 4, 0, 6, 3, 8, 4, 3, 6, 3, 5, 0, 2, 6, 9, 0, 7, 4, 6, 9, 3, 5, 1, 9, 6, 1, 7, 5, 4, 5, 0, 5, 7, 5, 2, 1, 2, 9, 1, 9, 9, 4, 0, 8, 4, 5, 2, 9, 2, 1, 2, 1, 7, 3, 6, 8, 8, 4, 9, 1, 9, 8, 3, 3, 5, 1, 1, 8, 6, 5, 7, 4, 4, 7, 2, 3, 5, 6, 8, 8, 6, 2, 3, 1, 0, 5, 2, 9, 1, 9, 6, 7, 0, 4, 8, 7, 1, 7, 4, 1, 0, 5, 7, 2, 0, 0, 9, 1, 7, 0, 2, 8, 4, 7, 4, 0, 4, 6, 0, 3, 1, 1, 5, 3, 9, 6, 7, 4, 1, 5, 3, 0, 8, 3, 3, 9, 6, 9, 3, 5, 0, 2, 7, 4, 5, 1, 2, 5, 8, 0, 8, 6, 1, 5, 0, 3, 0, 3, 1, 4, 0, 3, 7, 2, 4, 1, 5, 0, 7, 0, 4, 3, 1, 9, 9, 7, 7, 1, 7, 9, 9, 3, 9, 1, 7, 9, 0, 2, 6, 3, 3, 7, 6, 9, 2, 3, 3, 7, 7, 0, 0, 7, 5, 2, 9, 8, 7, 4, 4, 2, 6, 6, 1, 9, 6, 8, 2, 9, 0, 8, 7, 1, 1, 6, 3, 5, 1, 1, 1, 3, 1, 2, 3, 0, 8, 0, 1, 3, 5, 5, 7, 4, 7, 9, 6, 9, 6, 8, 3, 4, 6, 8, 5, 1, 4, 2, 4, 8, 5, 1, 1, 9, 0, 2, 4, 9, 5, 7, 1, 8, 3, 5, 6, 9, 8, 7, 1, 1, 6, 7, 6, 3, 2, 2, 0, 8, 9, 2, 5, 1, 0, 3, 4, 4, 5, 1, 9, 6, 9, 0, 6, 1, 5, 5, 8, 2, 8, 2, 6, 8, 0, 7, 4, 6, 1, 3, 4, 7, 5, 2, 3, 4, 4, 5, 2, 7, 1, 7, 2, 6, 2, 1, 5, 7, 8, 6, 0, 1, 8, 2, 5, 7, 7, 6, 5, 3, 5, 2, 9, 2, 4, 0, 8, 8, 3, 4, 9, 2, 7, 5, 1, 2, 3, 6, 0, 5, 6, 7, 3, 6, 4, 9, 4, 4, 5, 3, 2, 4, 1, 0, 1, 4, 6, 2, 9, 1, 1, 0, 6, 3, 9, 5]
Class 0: 0.944444444444
Class 1: 0.981481481481
Class 2: 0.854368932039
Class 3: 0.85
Class 4: 0.841121495327
Class 5: 0.858695652174
Class 6: 0.857142857143
Class 7: 0.820754716981
Class 8: 0.766990291262
Class 9: 0.82
Overall Accuracy: 0.859

0.944444444444  	0.0             	0.0            	0.0             	0.0             	0.0            	0.0222222222222 	0.0111111111111	0.0111111111111	0.0111111111111 
0.0             	0.981481481481  	0.0            	0.0             	0.00925925925926	0.0            	0.00925925925926	0.0            	0.0            	0.0             
0.0             	0.00970873786408	0.854368932039 	0.00970873786408	0.0291262135922 	0.0            	0.0291262135922 	0.0291262135922	0.0291262135922	0.00970873786408
0.0             	0.0             	0.02           	0.85            	0.0             	0.04           	0.02            	0.04           	0.02           	0.01            
0.0             	0.0             	0.0280373831776	0.00934579439252	0.841121495327  	0.0            	0.0373831775701 	0.018691588785 	0.018691588785 	0.0467289719626 
0.0217391304348 	0.0             	0.0            	0.0434782608696 	0.0             	0.858695652174 	0.0             	0.0326086956522	0.0326086956522	0.0108695652174 
0.010989010989  	0.010989010989  	0.021978021978 	0.0             	0.021978021978  	0.032967032967 	0.857142857143  	0.021978021978 	0.021978021978 	0.0             
0.0             	0.0377358490566 	0.0660377358491	0.0188679245283 	0.00943396226415	0.0            	0.0             	0.820754716981 	0.0            	0.0471698113208 
0.00970873786408	0.00970873786408	0.0194174757282	0.0776699029126 	0.00970873786408	0.0679611650485	0.00970873786408	0.0194174757282	0.766990291262 	0.00970873786408
0.0             	0.0             	0.0            	0.04            	0.04            	0.02           	0.0             	0.07           	0.01           	0.82            
